INDEX.

130111100οι1 0011011010111 11110.
000.

- viridium·- 11110. 000.

- 1111111110101011 000

munst 0011011111. 181.

(01111101 0031010110 11011010.
’182

- 1011110011 11111. 081.

- 0011111010 111101. ’281

- [1011110100 11000. 080.

(nosram 1110110. 080.

Colunt-unna 11101110 1110100088.

- 01111001 011111. 088

·-· 11101010 0111111 087.

- 1001111111ιο 010111 088.

- (0100018001111 11011111. 001.

- 1111111111 Sim. 088.

- purpuwm· 11101101. 087.

1101110000 81111111.

0110011001011 1111111111 8101111.

amram 1111111.

(0101101010 1111111111 100111.

(0111111110 111101. 1110.

11111011 Lan. 050.

1111000110 11111. 1110.

(1110001111 11111 1111111111 11110000.

1111111011·οΛ 81111111. 090.

0111101110 1101101111 801110. 009.

(ἶ1111101111111011 1111110. 002.

1111100110011111 811111. 10311.

(3001100011ἰο 1011111110 8111111. ³2.

- 1111110 Sum. 311.

(Nm-Grau 19.

1010001000 111111. 011.)

10111101111101 111011111111111 Pru&
001.

- 13111100111111001.

- 1101111011 11110. 0011.

- 11111110 111111. 001.

1111010111 111111. 718.

1101011111 fiam 11010 700.

- 11111111 11010. 701.

- 0011111101111 1101111. 7111.

- 1011110101 11111111. 700.

1111011101 11111, 0811.

0111011111 101111100101111 11110.

-· 11111110 11111. 081.

871

1010001111 11111. 819. 815.
1001000000 11111. 810.
(7110110110111011111111111111110010.
mmmmm 1111111087.
(2011110011οα 011101111οω 8101111.

-·· 1011111108101111. 000.

-110110 110111. 038.

- 1010110110 810011. 010.

- 1011101111 0111111. 013.

- 1001111010 010111. 011.

- 1110111010 800011. 000.

- 1111010010 8101111. 017.

-— variegata 8101111. 017.

- 1111111110νο 810011. 000.

1111οΛ 100

01010 001110001100011110 090.

1010101010 Hah. 010.

(1100111001 1011111 111111. 601.

1110100111 11111. 100.

0110111010 alpina 1011.

- 0011111111 Rus. 108.

-· 11111110 α 11111. 108.

- 1111010 [1 1101. 107.

- 0111111110ῐᾶ 11110. 157.

- anhelata Torr. 107.

- 00111010 150.

111110111οη 00111111 11111. 001.

-1111111 111111. 001.

- 011111100110 11110. 000.

111101 0111111. 081.

clivia 00111110 0111111. 085.

1001001111 11111. 010.

1011101111 saw-et. 010.

0110011110 111110 11110. 0-17.

- 1001011111 111111. 001.

- angusta 111111111οΙ111 001.

- angusta ρ’ 11111110 051.

- 0111111110 101. l. palpum
11110. 001.

- tanguam 101. ’1. 11111010 (ld.
001.

-· 3111000000 111111. 001.

- 0111111111 11111. 001.

- chaehapnssvuuin 11110. 018.

··· 11110111 111111. 11011.

1011111111 111111. 0111.

- 10111010111111. 010.

 

